0000011100000000
0000010100000000
0000000110000000
0000000100000000
0000100100000000
0000001100000000
0000101100000000
0000101000000000
0000111100000000
0000010000000000
0000100000000000
0000000010000000
0000000000000000
0000000000100000
0000000001000000
0000000001100000
0000110100000000
0000110000000000
0000001000000000
0000111000000000
0000011000000000
0001000000000000
0001010000000000
0001100000000000
0001110000000000
0011111000000000
0011100100000000
0010000000000000
0000000001100100
0010100000000000
0011100000000000
0011000000000000
0000000000001001
0011010000000000
0000000000001000
0000000001100011
0011110000000000
0011101000000000